Case 1:
3 3 0.7 0.05 0.25 0.1 0.8 0.1 0.2 0.3 0.5
3 4 0.7 0.2 0.1 0.0 0.1 0.4 0.3 0.2 0.0 0.1 0.2 0.7
1 3 1.0 0.0 0.0

Case 2 (Question 7):
3 3 0.54 0.26 0.20 0.19 0.53 0.28 0.22 0.18 0.60
3 4 0.50 0.20 0.11 0.19 0.22 0.28 0.23 0.27 0.19 0.21 0.15 0.45
1 3 0.3 0.2 0.5

Trained Result:
3 3 0.694281 0.0448986 0.26082 0.117668 0.746077 0.136255 0.154186 0.256694 0.58912
3 4 0.71 0.186409 0.103592 2.04232e-07 0.098812 0.421125 0.312174 0.167889 0.0321132 0.171325 0.186628 0.609933
1 3 0 1 4.94066e-323
